98
94
94
94
92
92
92
92
92
92
90
90
90
90
90
90
90
90
90
90
61.3568
132.211
90
68.8945
79.4472
91.0251
88
86.5025
66.9045
75.9497
71.4271
110.623
77.4573
92.5327
77.4573
66.9045
78.4523
110.111
111.618
64.402
88.5226
82.4925
77.9698
76.4623
84
70.4322
65.9095
67.4171
67.4171
31.2362
59.8794
41.7889
61.3869
64.402
52.3417
84
73.4472
79.4774
62.8945
61.3869
97.5678
78.4523
84.995
90
92
92
65.3668
63.8593
69.8895
60.8442
151.296
94
64.3417
65.8492
96
58.3116
76.402
85.4472
68.8643
92.9849
102.03
141.226
61.809
98
90.4523
88.9447
75.3769
137.186
45.2261
60.3015
91.9598
57.2864
34.6734
58.794
40.7035
38.7136
41.7286
38.7136
25.1457
77.9095
40.2211
49.2663
38.7136
28.1608
47.7588
25.1457
41.7286
40.2211
86.9548
96
96
96
96
96
94
94
94
94
94
94
94
94
94
94
94
94
94
94
