452
452
452
342
342
388
412
456
456
456
456
456
456
456
456
456
456
456
456
456
456
456
456
454
454
454
454
456
456
458
460
460
462
462
462
462
462
462
462
460
460
458
458
458
458
456
456
456
456
456
456
456
456
456
456
456
456
456
456
456
456
456
454
452
452
450
448
446
444
498.513
442
442
442
440
440
440
440
440
440
440
440
440
440
440
440
440
440
440
440
440
440
440
442
442
442
442
442
442
442
444
450
450
452
452
452
452
452
452
452
452
452
452
452
452
452
452
452
452
454
454
454
454
454
454
454
454
454
456
