36
34
34
34
34
34.4
34.8
35.2
35.6
36
36.2222
36.4445
36.6667
36.8889
37.1111
37.3333
37.5556
37.7778
38
38.5714
39.1428
69.3467
75.3769
75.7085
96.9347
76.4925
69.0151
69.3467
39.196
72.3618
57.2864
70.8543
84.4221
84.4221
87.0452
72.3618
78.392
72.3618
208.04
75.3769
78.392
78.392
111.558
66.3317
60.3015
87.4372
87.6181
60.3015
63.3166
51.2563
60.3015
77.9397
54.2714
60.3015
57.2864
48.2412
69.3467
87.4372
72.3618
108.543
105.528
78.392
72.3618
69.3467
48.2412
72.3618
57.2864
141.709
88.5528
60.2111
99.4975
81.407
66.3317
60.3015
57.0754
6.03015
81.407
54.2714
80.7739
91.7789
35.5779
76.1307
60.3015
60.2714
37.1759
34.1005
60.3015
52.5226
90.5427
101.759
81.9196
111.558
15.0754
89.0653
112.372
146.864
63.3166
64.0704
154.583
21.1055
75.1658
66.3317
87.4372
102.513
82.2211
111.045
54.0603
39.196
57.2864
58.1005
40
40
40
40.6667
41.3333
42
42
42
42
42
42
42
42
42
42
42
42
44
