524
526
527
528
529
530
530
530
530
528
526
526
528
530
532
534
534
534
534
534
534
534
534
534
534
534
534
534
534
534
534
534
534
534
528
528
528
528
528
528
528
528
528
528
528
528
528
528
528
528
528
528
528
528
528
528
528
528
528
528
528
528
528
528
526
524
522
522
522
520
518
514
512
510
508
504
500
500
500
496
496
496
496
495
494
490
488
486
486
486
486
486
486
486
488
488
488
488
488
488
488
488
488
488
488
488
488
488
488
488
488
486
484
484
484
484
482
480
480
480
480
480
484
486
488
492
482
482
