400
488
488
488
488
488
488
488
488
488
488
490
490
490
490
492
492
492
492
496
496
400
400
555.906
380.685
574.803
562.992
584.252
530.339
447.63
541.732
433.862
494.87
398.445
439.748
382.681
447.63
441.744
463.394
455.512
469.28
479.157
445.685
471.276
498.425
459.453
549.992
549.992
363.437
304.482
428.759
372.9
429.92
407.548
415.849
392.633
437.412
430.482
429.075
463.829
434.95
453.206
455.07
410.573
458.834
373.884
343.492
311.307
394.99
415.673
435.688
497.211
305.221
424.819
357.563
388.166
300.121
391.683
284.854
421.864
426.402
256.819
315.457
381.869
284.01
619.095
380.99
386.864
381.342
412.789
320.03
233.603
270.784
248.095
258.015
312.678
361.08
374.307
433.862
356.367
248.342
251.121
195.226
255.975
283.166
431.866
475.217
459.453
463.394
508
508
508
506
504
502
498
494
488
484
480
478
476
476
474
472
472
472
472
