400
488
488
488
488
488
488
488
488
488
488
490
490
490
490
492
492
492
492
496
496
400
400
555.906
380.685
574.803
562.992
584.252
530.339
447.63
541.732
433.862
494.87
398.445
439.748
382.681
447.63
441.744
463.394
455.512
469.28
479.157
445.685
471.276
498.425
459.453
549.992
549.992
483.047
490.929
485.043
488.984
479.157
467.335
479.157
459.453
549.992
507.874
471.276
467.335
477.161
516.52
500.807
512.579
486.988
465.339
477.161
455.512
465.339
461.398
467.335
549.992
481.102
481.102
477.161
549.992
483.047
549.992
471.276
502.752
479.157
488.984
494.87
490.929
463.394
488.984
525.197
471.276
469.28
549.992
471.276
469.28
471.276
473.22
549.992
485.043
477.161
469.28
433.862
416.154
343.323
402.386
406.276
431.866
455.512
431.866
475.217
459.453
463.394
508
508
508
506
504
502
498
494
488
484
480
478
476
476
474
472
472
472
472
