52
42
42
42
42
42
42
42
42
42
44
44
44
44
44
44
44
44
44
44
44
83.4603
50.381
0
39.3651
17.3333
39.3651
0
56.6984
29.9365
0
0
25.2063
0
69.3016
0
0
0
0
78.7302
18.8889
18.8889
0
23.619
0
39.3651
31.4921
67.7143
69.3016
0
23.619
1.5873
75.5873
85.0476
0
0
0
34.6349
34.6349
122.825
88.1905
0
69.3016
36.2222
53.5556
55.1111
45.6825
66.127
0
91.3333
0
103.937
118.095
22.0317
42.5079
44.0952
47.2381
0
61.4286
62.9841
37.8095
86.6032
64.5714
72.4444
72.4444
36.2222
58.254
0
48.8254
47.2381
28.3492
40.9524
108.667
42.5079
15.746
33.0794
12.6032
51.9683
6.28571
51.9683
0
33.0794
0
66.127
48.8254
0
0
47.2381
23.619
30
30
30
30
30
30
30
30
30
30
30
30
30
30
30
30
30
30
26
