638
638
638
636
636
634
634
634
632
632
630
628
628
628
626
626
626
624
624
624
622
534.638
525.22
496.866
548.815
555.929
544.106
544.106
520.461
534.638
536.992
574.815
522.815
584.232
536.992
529.929
548.815
555.929
506.283
534.638
532.283
562.992
529.929
605.524
565.346
551.169
548.815
555.929
527.575
555.929
489.752
536.992
560.638
553.524
588.992
577.169
560.638
544.106
570.055
548.815
565.346
534.638
532.283
581.878
515.752
539.346
515.752
525.22
520.461
582
541.752
520.461
536.992
522.815
525.22
527.575
506.283
536.992
525.22
541.752
494.512
560.638
577.169
544.106
534.638
558.283
544.106
546.461
541.752
574.815
591.346
577.169
551.169
492.106
546.461
548.815
574.815
527.575
461.398
579.524
459.043
525.22
574.815
525.22
520.461
551.169
551.169
508.638
499.22
556
554
554
554
552
552
552
552
550
550
550
548
548
548
546
546
546
540
540
