4
4
4
4
4
4
4
4
4
4
4
4
4
4
4
4
2
2
2
2
0
526.618
647.236
640.201
633.166
552.261
597.99
664.824
681.603
693.844
689.482
673.055
688.322
654.271
654.271
619.095
633.166
601.508
619.095
615.578
636.683
629.648
365.829
341.136
580.402
647.236
590.955
633.166
576.884
517.085
562.814
661.307
608.543
619.095
650.754
640.201
605.025
633.166
671.859
615.578
601.508
622.613
641.503
626.131
594.472
566.332
661.307
654.271
640.201
605.025
647.236
488.945
647.236
626.131
590.955
605.025
587.437
555.779
488.945
538.191
467.839
538.191
579.276
548.744
583.92
446.734
594.472
513.568
506.533
527.638
467.839
552.261
481.91
566.332
486.658
439.698
297.764
328.578
324.814
296.568
276.482
251.121
205.779
281.407
244.472
259.492
242.714
196.985
284.925
4
4
2
2
2
2
0
0
-2
-2
-2
-2
-2
-2
-2
-2
-2
4
4
