6
6
4
4
4
4
4
4
2
2
2
2
0
0
0
0
-2
-2
-2
470
0
45.2261
84.4221
117.437
131.97
82.1307
126.633
85.0854
75.3769
66.3618
84.995
87.1357
144.724
69.3467
50.2613
90.5729
99.9196
60.603
54.4523
57.2864
91.3869
48.2412
75.3769
94.9749
45.2261
90.4523
69.3467
78.392
67.2663
81.407
102.513
52.7638
87.4372
87.4372
84.4221
78.392
87.4372
72.3618
86.1709
84.4221
90.4523
50.2312
69.0151
60.3015
0
20.6533
30.1508
32.7136
13.4472
58.6734
36.4221
45.2261
0
60.3015
52.8844
48.2412
54.2714
77.2161
61.6884
15.0754
80.6834
12.0603
15.9497
55.1457
68.2613
78.995
66.9045
114.362
51.2563
79.3568
63.3166
83.0352
90.4523
88.8543
68.1105
90.5427
63.0452
94.7638
79.6884
105.528
63.6482
79.1457
99.8895
77.0352
15.0754
0
0
95.8191
106.613
60.3015
72.3618
54.2714
0
95.7889
88.2211
82.6131
77.0352
0
0
-2
-2
-2
-2
-2
-2
-2
-2
-2
-2
0
2
2
2
2
2
2
