0
0
0
0
0
0
0
0
0
0
0
475.591
475.591
479.591
479.591
479.591
477.591
477.591
473.591
473.591
473.591
473.591
471.591
469.591
469.591
465.591
465.591
465.591
465.591
463.591
463.591
463.591
461.591
461.591
461.591
461.591
461.591
461.591
459.591
459.591
459.591
459.591
459.591
459.591
459.591
459.591
459.591
459.591
459.591
467.591
467.591
467.591
467.591
467.591
465.591
461.591
461.591
461.591
461.591
461.591
461.591
461.591
461.591
459.591
457.591
453.591
453.591
451.591
451.591
451.591
449.591
449.591
449.591
449.591
449.591
449.591
449.591
449.591
449.591
447.591
447.591
445.591
445.591
445.591
445.591
445.591
445.591
445.591
445.591
445.591
447.591
447.591
447.591
447.591
447.591
447.591
447.591
447.591
447.591
445.591
443.591
443.591
441.591
441.591
441.591
441.591
439.591
439.591
439.591
439.591
439.591
437.591
437.591
437.591
433.591
433.591
431.591
431.591
429.591
429.591
429.591
429.591
429.591
429.591
429.591
429.591
429.591
429.591
