54
52
52
52
52
52
52
52
52
52
52
52
52
52
52
50
48
48
48
48
48
137.008
135.433
102.362
89.7638
51.9685
0
15.748
0
36.2205
48.8189
99.2064
59.8425
0
47.2381
3.14286
9.46032
42.5079
39.3701
0
22.0317
0
0
70.8571
0
0
0
0
0
0
40.9449
0
0
11.0236
62.9921
75.3769
69.2913
86.9849
93.4673
74.9246
94.8543
43.598
111.799
50.4422
90.6633
73.1156
0
30.1508
59.1558
80.2312
103.899
86.1709
65.608
69.9497
58.1608
0
47.1558
75.9799
57.8593
51.0452
75.2864
28.1005
47.2381
55.8995
63.3166
103.937
24.1206
90.5427
38.9246
40.4925
31.4472
51.2563
33.4975
18.8442
27.5276
43.8693
53.5556
63.9497
81.9048
29.4874
0
39.196
51.2563
80.5025
30.1508
38.5025
94.2513
13.2663
95.1256
72
72
72
72
72
72
72
72
72
70
69
68
66
64
64
62
62
60
52
