64
60
60
60
60
60
60
60
62
62
64
66
66
68
70
70
72
74
72
72
70
91.3333
80.3175
129.143
44.0952
140.159
83.4603
85.0476
102.349
88.1905
83.4603
33.0794
56.6984
91.3333
61.4286
88.1905
78.7302
37.8095
37.8095
83.4603
85.0476
111.81
34.6349
39.3651
69.3016
77.1746
31.4921
85.0476
96.0635
88.1905
105.524
118.095
70.8571
61.4286
59.8413
42.5079
78.7302
28.3492
25.2063
45.6825
14.1587
72.4444
59.8413
39.3651
62
62.9841
29.9365
20.4762
28.3492
0
55.1111
33.0794
0
69.3016
78.7302
15.746
1.5873
0
80.3175
80.3175
0
1.5873
61.4286
64.5714
0
0
47.2381
17.3333
1.5873
56.6984
51.9683
17.3333
22.0317
28.3492
14.1587
9.46032
7.87302
36.2222
15.746
18.8889
69.3016
4.73016
48
14.1587
15.746
9.46032
29.9365
18.8889
69.3016
46
44
44
44
42
40
40
40
38
38
38
38
40
42
42
42
42
32
36
