72
72
70
68
68
64
62
60
60
62
62
60
60
60
60
60
58
58
58
56
56
0
45.6825
45.6825
80.3175
83.4603
75.5873
50
92.9206
70.8571
48
36.2222
99.2064
51.9683
105.524
38.0952
7.87302
81.9048
15.746
60.254
20.4762
0
40
51.9683
61.4286
38
6.28571
36
36
100.794
0
0
36
0
61.4286
53.5556
72.4444
53.5556
69.3016
36.2222
40.9524
59.8413
78.7302
47.2381
39.3651
18.8889
0
0
0
36
58.254
36
22.0317
40.9524
56.6984
0
69.3016
75.5873
47.2381
0
61.4286
59.8413
64.5714
99.2064
61.4286
59.8413
72.4444
66.127
94.4762
34.6349
75.5873
36
36
58.254
92.9206
53.5556
91.3333
70.8571
36
55.1111
70.8571
61.4286
114.952
124.413
64.5714
94.4762
83.4603
86.6032
39.3651
36
38
38
38
38
38
38
38
38
38
38
40
40
40
40
40
40
40
44
