54
52
52
52
52
52
52
52
52
52
52
52
52
52
52
50
48
48
48
48
48
137.008
135.433
102.362
89.7638
51.9685
0
15.748
0
36.2205
48.8189
99.2064
59.8425
0
47.2381
3.14286
9.46032
42.5079
39.3701
0
22.0317
0
0
70.8571
0
0
0
0
0
0
40.9449
0
0
11.0236
62.9921
0
69.2913
59.8425
0
59.8425
67.7165
67.7165
111.811
86.6142
75.5906
88.189
74
0
44.0952
113.397
67.7165
40.9449
53.5433
85.0394
91.3386
91.3333
80.315
85.0394
48.8254
66.127
33.0794
58.254
47.2381
37.8095
0
103.937
77.1654
72.4444
99.2126
100.794
100.794
0
78.7302
88.189
114.961
74.0157
53.5556
85.0476
81.9048
89.7778
25.1968
0
0
14.1732
72.4409
89.7638
124.409
28.3465
74.0157
72
72
72
72
72
72
72
72
72
70
69
68
66
64
64
62
62
60
52
