506
504
502
500
498
496
494
490
488
484
482
478
478
476
474
474
474
474
474
474
474
541.752
650
579.524
551.169
603.169
626.764
565.346
579.524
555.929
546.461
546.461
551.169
577.169
614.941
565.346
518.106
534.638
565.346
591.346
572.461
558.283
548.815
548.815
541.752
551.169
593.701
548.815
551.169
546.461
515.752
562.992
570.055
584.232
574.815
624.409
633.878
534.638
508.638
586.638
560.638
562.992
574.815
560.638
562.992
591.346
558.283
565.346
541.752
560.638
548.815
494.512
520.461
546.461
539.346
570.055
562.992
544.106
562.992
603.169
532.283
555.929
574.815
577.169
584.232
570.055
570.055
558.283
558.283
551.169
546.461
553.524
581.878
591.346
567.701
562.992
562.992
541.752
527.575
555.929
539.346
544.106
548.815
560.638
562.992
551.169
553.524
541.752
525.22
494
495
496
497
498
498
499
500
501
502
502.5
503
503.5
504
505
501
497
495
497
