190.476
92
92
92
90
90
90
90
90
90
90
90
90
92
92
92
94
94
96
200
100
0
61.4286
75.5873
67.7143
18.8889
59.8413
0
0
33.0794
0
0
45.6825
36.2222
33.0794
0
64.5714
0
33.0794
44.0952
0
0
86.6032
62.9841
37.8095
42.5079
64.5714
61.4286
51.9683
64.5714
0
62.9841
55.1111
53.5556
69.3016
92.9206
94.4762
69.3016
75.5873
96.0635
70.8571
34.6349
39.3651
72.4444
74
14.1587
0
77.1746
53.5556
0
67.7143
17.3333
42.5079
55.1111
14.1587
34.6349
0
0
62.9841
114.952
86.6032
97.6508
92.9206
72.4444
78.7302
51.9683
75.5873
67.7143
61.4286
75.5873
67.7143
66.127
0
48.8254
80.3175
0
67.7143
0
55.1111
58.254
66.127
72.4444
77.1746
0
62.9841
77.1746
37.8095
83.4603
0
55.0159
53.0159
53.0159
53.0159
51.0159
51.0159
49.0159
49.0159
49.0159
49.0159
47.0159
47.0159
47.0159
49.0159
49.0159
49.0159
47.0159
47.0159
47.0159
