64
64
64
64
64
64
64
64
64
64
64
64
64
64
64
64
64
64
64
64
64
190.54
200
250.794
77.1746
200
174.794
249.206
181.492
216.127
283.873
200
253.937
187.397
200
155.905
56.6984
200
103.937
88.1905
190.952
172.032
156.286
206.698
91.3333
167.333
150
153.143
102.349
183.079
75.5873
97.6508
91.3333
0
111.81
83.4603
161.81
138.571
168.095
67.3333
50
50
121.27
126
126
141.746
137.016
99.2064
113.397
126
165.365
149.619
103.937
124.413
67.7143
196.857
70.8571
148.032
160.635
99.2064
165.365
144.889
176.381
107.079
163.778
200
165.365
192.127
154.317
129.143
146.444
154.317
162.19
148.032
154.317
124.413
100.794
92.9206
50.381
144.889
91.3333
168.508
155.905
113.397
174.794
69.3016
143.302
152.762
163.778
72
72
72
72
72
72
72
72
72
72
72
72
72
72
72
72
72
72
72
