0
0
0
0
562.63
564.63
564.63
564.63
566.63
566.63
566.63
568.63
568.63
568.63
568.63
568.63
568.63
568.63
568.63
568.63
568.63
568
570
530
450
524
472
588
606
532
572
560
576
530
572
538
576
554
596
536
554
576
450
534
544
556
464
486
450
564
660
576
562
602
522
550
548
568
552
598
542
594
546
504
496
508
570
492
566
540
528
594
534
450
450
488
526
554
582
624
552
570
514
516
644
618
616
618
558
450
582
572
560
518
536
556
614
586
558
560
450
542
504
508
534
574
578
450
542
474.63
468.63
460.63
458.63
454.63
450.63
448.63
444.63
444.63
444.63
443.63
442.63
441.63
440.63
438.63
434.63
434.63
432.63
430.63
