456
454
456
456
454
454
454
454
454
456
456
456
456
456
456
456
456
456
456
456
454
484.252
531.496
470.079
538.583
517.323
493.701
550.394
524.409
517.323
496.063
583.465
524.409
543.307
517.323
507.874
522.047
519.685
548.031
536.22
507.874
493.701
462.992
491.339
493.701
477.165
512.598
514.961
503.15
514.961
519.685
555.118
536.22
519.685
543.307
500.787
517.323
439.37
512.598
498.425
526.772
538.583
526.772
491.339
507.874
479.528
505.512
505.512
474.803
496.063
484.252
472.441
500.787
484.252
474.803
500.787
507.874
493.701
486.614
500.787
500.787
472.441
510.236
512.598
493.701
477.165
465.354
451.181
448.819
465.354
460.63
448.819
460.63
425.197
437.008
451.181
453.543
474.803
446.457
455.906
448.819
460.63
413.386
455.906
467.717
451.181
467.717
432.283
453.543
444.667
444
444
444
446
444
444
442
442
442
442
442
442
442
442
442
444
446
446
