64
64
64
62
60
60
60
58
58
56
56
56
54
52
52
52
52
52
52
52
52
118.095
157.492
107.079
122.825
110.222
51.9683
107.079
105.524
17.3333
103.937
96.0635
45.6825
0
127.556
83.4603
0
14.1587
0
0
62.9841
72.4444
81.9048
48.8254
121.27
0
67.7143
85.0476
20.4762
102.349
0
34.6349
15.746
116.54
70.8571
44.0952
33.0794
78.7302
105.524
89.7778
113.397
114.952
127.556
122.825
86.6032
47.2381
99.2064
102.349
119.683
94.4762
137.016
64.5714
62.9841
99.2064
74
118.095
122.825
89.7778
66.127
0
133.873
75.5873
129.143
103.937
86.6032
100.794
45.6825
137.016
66.127
74
102.349
97.6508
74
99.2064
118.095
107.079
53.5556
59.8413
48.8254
133.873
102.349
55.1111
100.794
107.079
132.286
130.698
110.222
103.937
70.8571
74
73
72
72
70
70
70
68
66
66
66
66
66
66
66
66
66
66
64
