426
420
418
418
416
416
414
412
412
412
410
410
408
408
408
408
408
408
408
408
408
520.461
440.157
501.575
503.929
501.575
494.512
494.512
487.398
422.039
461.398
453.567
463.394
467.335
477.161
453.567
390.563
463.394
422.039
549.992
510.634
439.748
455.512
449.626
449.626
441.744
483.047
490.929
494.87
479.157
565.346
500.807
451.571
486.988
463.394
461.398
457.457
463.394
481.102
549.992
549.992
549.992
532.283
463.394
433.862
498.811
549.992
520.461
549.992
534.638
449.626
475.217
486.988
498.811
451.571
459.453
471.276
549.992
467.335
549.992
500.807
512.579
471.276
549.992
471.276
534.638
477.161
463.394
500.807
451.571
530.339
481.102
492.925
469.28
455.512
479.157
459.453
457.457
463.394
465.339
437.803
431.866
449.626
461.398
496.866
445.685
455.512
461.398
473.22
374
372
370
368
366
364
362
360
358
356
354
352
350
348
346
342
340
338
334
