548.332
548.332
548.332
548.332
548.332
548.332
548.332
548.332
552.332
552.332
552.332
550.998
549.665
548.332
548.332
548.332
548.332
548.332
548.332
548.332
549.665
401.005
580.402
358.794
327.136
474.874
362.312
358.794
397.487
432.734
594.472
404.523
548.744
376.382
362.312
316.583
369.347
492.462
534.251
488.945
415.075
418.593
397.487
368.467
495.98
495.98
503.015
372.864
453.769
503.015
590.955
608.543
573.367
552.261
562.814
506.533
527.638
481.91
506.533
471.357
464.322
548.744
369.347
383.417
376.382
348.241
327.136
348.241
341.206
362.312
348.241
334.171
369.347
337.688
316.583
302.513
316.583
281.407
355.276
295.477
274.372
256.784
281.407
249.749
207.538
284.925
221.608
256.784
260.302
323.618
288.442
263.819
186.432
260.302
348.241
211.055
214.573
228.643
467.839
295.477
265.402
274.372
320.1
270.925
291.96
298.995
281.407
234.236
249.749
556.332
556.332
558.332
558.332
558.332
560.332
560.332
560.332
560.332
560.332
560.332
560.332
560.332
560.332
560.332
560.332
560.332
560.332
560.332
