68
68
66
64
62
62
60
60
58
56
54
54
52
52
52
54
56
56
58
60
60
132.286
97.6508
111.81
59.8413
89.7778
33.0794
74
42.5079
42.5079
48.8254
51.9683
74
80.3175
56.6984
74
91.3333
100.794
23.619
44.0952
0
39.3651
86.6032
0
9.46032
85.0476
0
42.5079
47.2381
58.254
59.8413
66.127
72.4444
47.2381
45.6825
26.7619
94.4762
124.413
0
50.381
69.3016
89.7778
34.6349
1.5873
26.7619
83.4603
29.9365
70.8571
34.6349
0
138.571
89.7778
55.1111
92.9206
66.127
74
0
69.3016
59.8413
66.127
26.7619
62.9841
78.7302
67.7143
91.3333
99.2064
67.7143
88.1905
45.6825
48.8254
6.28571
67.7143
66.127
75.5873
111.81
0
81.9048
72.4444
62.9841
80.3175
80.3175
102.349
102.349
70.8571
42.5079
92.9206
100.794
89.7778
61.4286
60
58
58
58
58
58
58
60
60
60
62
60
60
58
58
58
58
58
58
